NAME: 1,1'-Bicyclohexyl
Num Peaks: 64
50.03646 3.46;51.04831 11.13;52.05490 6.61;53.06468 49.07;54.07069 39.31;55.07842 436.10;56.08449 44.63;57.09043 38.85;58.06957 13.11;59.06885 3.34;
63.05270 1.24;65.06774 14.55;65.28902 1.35;66.07368 11.33;67.08100 442.98;68.08617 56.79;69.09477 58.06;70.10047 16.94;71.08409 32.07;72.08334 2.52;
75.09954 0.30;77.06381 21.47;78.06932 8.20;79.07735 39.75;79.29673 5.60;80.08185 18.79;81.09078 157.64;82.09625 1000.00;83.10274 540.72;84.10699 44.41;
85.09992 14.55;86.10577 1.87;91.07040 10.42;92.06911 2.05;93.08200 7.21;94.08486 2.68;95.09685 49.36;96.09928 17.81;97.09530 17.03;98.09070 5.97;
99.09423 5.48;100.09597 13.96;101.08937 1.68;104.07011 0.77;105.07085 3.00;107.09040 2.67;108.08962 1.92;109.10522 58.73;110.11168 28.13;111.11102 2.88;
113.09641 2.37;119.03364 0.31;121.11027 0.98;123.11605 15.60;124.12386 6.21;125.10702 1.16;127.09149 0.47;137.12261 1.11;142.10489 0.76;149.15002 0.42;
151.14388 4.30;164.15294 0.98;165.15735 0.52;166.15955 1.46;

NAME: Nonadecane
Num Peaks: 51
50.03278 1.53;53.06591 19.56;54.07015 6.80;55.08069 176.30;56.08716 128.57;57.09446 1000.00;58.09705 47.62;63.06003 0.39;65.07021 3.10;66.07630 1.80;
67.08242 16.94;68.08750 28.37;69.09640 150.21;70.10278 167.41;71.11000 892.81;72.11234 50.65;77.07513 3.20;79.07666 4.09;82.09742 8.96;83.10377 74.07;
84.11120 113.10;85.11767 545.54;86.12002 36.69;87.13404 0.67;91.06946 3.20;93.07952 0.80;96.12488 0.43;97.11022 8.91;98.11612 14.40;99.12488 111.00;
110.10780 1.55;111.11986 21.94;112.12709 33.46;113.13455 102.82;114.13165 5.46;122.01383 0.31;125.13213 4.72;126.13947 28.94;127.14677 87.22;128.14752 5.44;
139.14201 0.79;140.15447 2.22;141.15701 6.67;154.16972 2.66;155.17801 40.41;156.17280 2.22;168.18949 0.98;169.19314 13.13;170.17911 1.06;197.19051 1.23;
212.24972 1.79;

NAME: Tetradecane
Num Peaks: 27
53.06504 16.48;55.07997 197.13;56.08529 111.65;57.09470 1000.00;58.09708 38.49;68.08417 20.09;69.16168 11.62;70.10299 151.38;71.11013 842.16;72.11416 35.21;
83.16496 3.44;84.11125 120.63;85.11807 517.54;86.12256 27.92;98.11132 16.90;99.12462 86.15;112.12477 24.86;113.13487 75.96;114.13177 3.39;126.13978 24.77;
127.14552 74.30;128.12542 5.76;140.15844 3.26;141.16668 9.19;155.17611 17.22;169.17809 4.33;212.24689 2.83;

